24
NULL 0 Common 0
Joined 7 0,255,0,255,0,0,0,0,0,0 Latin 1 0 1 Joined	# Joined [4a 6f 69 6e 65 64 ]a
|Broken|0|1 15 0,255,0,255,0,0,0,0,0,0 Common 2 10 2 |Broken|0|1	# Broken
I 5 0,255,0,255,0,0,0,0,0,0 Latin 22 0 3 I	# I [49 ]A
' 16 0,255,0,255,0,0,0,0,0,0 Common 4 10 4 '	# ' [27 ]p
m 3 0,255,0,255,0,0,0,0,0,0 Latin 5 0 5 m	# m [6d ]a
s 3 0,255,0,255,0,0,0,0,0,0 Latin 6 0 6 s	# s [73 ]a
o 3 0,255,0,255,0,0,0,0,0,0 Latin 7 0 7 o	# o [6f ]a
r 3 0,255,0,255,0,0,0,0,0,0 Latin 8 0 8 r	# r [72 ]a
y 3 0,255,0,255,0,0,0,0,0,0 Latin 9 0 9 y	# y [79 ]a
, 16 0,255,0,255,0,0,0,0,0,0 Common 10 6 10 ,	# , [2c ]p
b 3 0,255,0,255,0,0,0,0,0,0 Latin 11 0 11 b	# b [62 ]a
u 3 0,255,0,255,0,0,0,0,0,0 Latin 12 0 12 u	# u [75 ]a
t 3 0,255,0,255,0,0,0,0,0,0 Latin 13 0 13 t	# t [74 ]a
c 3 0,255,0,255,0,0,0,0,0,0 Latin 14 0 14 c	# c [63 ]a
a 3 0,255,0,255,0,0,0,0,0,0 Latin 15 0 15 a	# a [61 ]a
n 3 0,255,0,255,0,0,0,0,0,0 Latin 16 0 16 n	# n [6e ]a
h 3 0,255,0,255,0,0,0,0,0,0 Latin 17 0 17 h	# h [68 ]a
e 3 0,255,0,255,0,0,0,0,0,0 Latin 18 0 18 e	# e [65 ]a
l 3 0,255,0,255,0,0,0,0,0,0 Latin 19 0 19 l	# l [6c ]a
p 3 0,255,0,255,0,0,0,0,0,0 Latin 20 0 20 p	# p [70 ]a
w 3 0,255,0,255,0,0,0,0,0,0 Latin 21 0 21 w	# w [77 ]a
i 3 0,255,0,255,0,0,0,0,0,0 Latin 3 0 22 i	# i [69 ]a
. 16 0,255,0,255,0,0,0,0,0,0 Common 23 6 23 .	# . [2e ]p
